141 1649 9
997 2625 4003639
18337 71112 23410
3 919326 707
89374558 119152 99197
531 29 6
17736130 9453 84213565
779628 36120355 656
36 7024257 826656
86085475 0 211
5 9408 8
2743 25 49
91 5553709 22
63 95381 479
3631 702613 939326
107948 0 8
1 45 62408
49101 9855909 52215910
429605 24767937 67
9892 12016050 3372397
64841559 3911782 384975
552 64378586 7241884
985 60 855
8967 90963 31891
4793915 829 4218863
62 22019686 882
449283 359 517853
68384850 41269884 9553
553 257 10586
1 35047 4
4113 911084 6248
904948 69787766 46316
9 72575898 453
995884 9 104
14 9675005 5
6 63988 70972
360 19205514 78639
1107362 33437 14
11544 420982 0
2572183 523597 0
995 4876264 58
57210005 5926793 9988553
8 48456549 45588
4269748 6 7562207
46579677 2103680 992331
6995692 156 400
2 63095 2283
603 47957 2167009
6329470 5 710
96518561 22336 32167